env is SpaceRobotEnv, scenario is SpaceRobotDualArmWithRot, algo is mappo, exp is OneArmPos, num agents is 1
u are choosing to use mappo, we set use_recurrent_policy & use_naive_recurrent_policy to be False
step:  0
0 [[96.971344   2.0286944 -9.452461 ]]
step:  1
1 [[102.28645      0.45812315  -8.455808  ]]
step:  2
2 [[-102.47018     -0.8299714    8.998111 ]]
step:  3
3 [[-109.30192      0.4897132   -8.613441 ]]
step:  4
4 [[112.06514    -0.5671706   5.280724 ]]
step:  5
5 [[86.3356      0.65464306 -5.321488  ]]
step:  6
6 [[-102.14121     -0.7006332    9.094697 ]]
step:  7
7 [[-109.49741      0.5032418   -8.532798 ]]
step:  8
8 [[111.98098    -0.5537524   5.3966546]]
step:  9
9 [[86.75773    0.6490208 -5.1183205]]
step:  10
10 [[-102.08475      -0.67915183    9.112153  ]]
step:  11
11 [[-109.55621       0.50689703   -8.511343  ]]
step:  12
12 [[111.96307    -0.5579492   5.431861 ]]
step:  13
13 [[87.05409     0.63327384 -4.9334044 ]]
step:  14
14 [[-102.03786     -0.6610113    9.127156 ]]
step:  15
15 [[-109.614555      0.51066643   -8.490124  ]]
step:  16
16 [[111.94785    -0.5627656   5.4653893]]
step:  17
17 [[87.37492    0.6160149 -4.7374473]]
step:  18
18 [[-101.98927      -0.64191127    9.141393  ]]
step:  19
19 [[-109.674706     0.5146258   -8.46765  ]]
step:  20
20 [[111.93223    -0.5676448   5.5001388]]
step:  21
21 [[87.7202     0.5960151 -4.5290704]]
step:  22
22 [[-101.93842      -0.62033105    9.15553   ]]
step:  23
23 [[-109.7375        0.51878005   -8.442812  ]]
step:  24
24 [[111.915375    -0.57238376   5.536688  ]]
step:  25
25 [[88.090096   0.5746522 -4.308924 ]]
step:  26
26 [[-101.88297     -0.5976566    9.169974 ]]
step:  27
27 [[-109.80274       0.52319956   -8.415992  ]]
step:  28
28 [[111.897125   -0.5771576   5.5754743]]
step:  29
29 [[88.4727     0.5509729 -4.0818586]]
step:  30
30 [[-101.83531      -0.57485867    9.184147  ]]
step:  31
31 [[-109.87975      0.5295171   -8.385204 ]]
step:  32
32 [[111.879555   -0.5803388   5.617123 ]]
step:  33
33 [[88.890816    0.52608734 -3.846699  ]]
step:  34
34 [[-101.786385    -0.5519551    9.197085 ]]
step:  35
35 [[-109.95873       0.53625125   -8.35295   ]]
step:  36
36 [[111.86157     -0.58317417   5.6595135 ]]
step:  37
37 [[89.32869    0.5000052 -3.5998845]]
step:  38
38 [[-101.73559      -0.52896416    9.208731  ]]
step:  39
39 [[-110.042595     0.5437699   -8.319589 ]]
step:  40
40 [[111.847374    -0.58613724   5.703817  ]]
step:  41
41 [[89.781044    0.47277528 -3.3391643 ]]
step:  42
42 [[-101.67936      -0.50540614    9.2199545 ]]
step:  43
43 [[-110.13023       0.55194634   -8.284398  ]]
step:  44
44 [[111.83267    -0.5892528   5.749685 ]]
step:  45
45 [[90.24929     0.44926912 -3.0713813 ]]
step:  46
46 [[-101.60588      -0.48485973    9.233608  ]]
step:  47
47 [[-110.21678       0.56032956   -8.248996  ]]
step:  48
48 [[111.8158     -0.5931209   5.7964864]]
step:  49
49 [[90.72156     0.42571604 -2.7941952 ]]
step:  50
50 [[-101.52309     -0.4646921    9.247894 ]]
step:  51
51 [[-110.30974       0.56836855   -8.214192  ]]
step:  52
52 [[111.794395   -0.5963883   5.845671 ]]
step:  53
53 [[91.21695     0.40122634 -2.5039537 ]]
step:  54
54 [[-101.43443      -0.44439015    9.261646  ]]
step:  55
55 [[-110.41156      0.5781017   -8.176507 ]]
step:  56
56 [[111.771034    -0.60024464   5.8946714 ]]
step:  57
57 [[91.70985     0.37575662 -2.2037    ]]
step:  58
58 [[-101.340385     -0.42383635    9.275353  ]]
step:  59
59 [[-110.51829       0.58883554   -8.136     ]]
step:  60
60 [[111.74453    -0.6043235   5.9441986]]
step:  61
61 [[92.18832     0.34946555 -1.8949212 ]]
step:  62
62 [[-102.2401       -0.43777007    9.074661  ]]
step:  63
63 [[-109.70835       0.51878023   -8.376921  ]]
step:  64
64 [[111.96138     -0.50526273   5.5589848 ]]
step:  65
65 [[89.327095   0.6634965 -4.909181 ]]
step:  66
66 [[-101.88665     -0.6784552    9.130559 ]]
step:  67
67 [[-109.52328      0.5053822   -8.49179  ]]
step:  68
68 [[112.06108     -0.55154693   5.4607806 ]]
step:  69
69 [[89.29232    0.6373566 -4.7611165]]
step:  70
70 [[-101.85353     -0.6669016    9.143125 ]]
step:  71
71 [[-109.57476      0.5086287   -8.47365  ]]
step:  72
72 [[112.046265   -0.5578082   5.491186 ]]
step:  73
73 [[89.5917      0.61806625 -4.5606546 ]]
step:  74
74 [[-101.801865    -0.6462304    9.158665 ]]
step:  75
75 [[-109.63627     0.512586   -8.449822]]
step:  76
76 [[112.02994    -0.5614321   5.5261273]]
step:  77
77 [[89.93629    0.5969269 -4.3535566]]
step:  78
78 [[-101.74581    -0.624617    9.174262]]
step:  79
79 [[-109.699936      0.51675713   -8.423936  ]]
step:  80
80 [[112.013214    -0.56477356   5.562144  ]]
step:  81
81 [[90.301765   0.5735326 -4.1391373]]
step:  82
82 [[-101.694244     -0.60274845    9.190601  ]]
step:  83
83 [[-109.774025    0.522416   -8.395112]]
step:  84
84 [[111.99633    -0.5681592   5.60194  ]]
step:  85
85 [[90.680626    0.54939336 -3.9146588 ]]
step:  86
86 [[-101.64176     -0.5805744    9.206165 ]]
step:  87
87 [[-109.853264     0.5289344   -8.364139 ]]
step:  88
88 [[111.98054    -0.5712065   5.6439576]]
step:  89
89 [[91.07927     0.52420396 -3.680123  ]]
step:  90
90 [[-101.587006     -0.55768704    9.220485  ]]
step:  91
91 [[-109.93482      0.5358925   -8.331606 ]]
step:  92
92 [[111.96445     -0.57440954   5.6871285 ]]
step:  93
93 [[91.506035   0.5016426 -3.4301584]]
step:  94
94 [[-101.524445    -0.5374436    9.234621 ]]
step:  95
95 [[-110.019585     0.5436728   -8.298633 ]]
step:  96
96 [[111.94914     -0.57833743   5.729873  ]]
step:  97
97 [[91.93608     0.47916457 -3.1709201 ]]
step:  98
98 [[-101.456406    -0.5175423    9.248451 ]]
step:  99
99 [[-110.104294      0.55165285   -8.264529  ]]
